{
    "w": 1280,
    "h": 720,
    "fl_x": 734.080995388055,
    "fl_y": 734.9759581863323,
    "cx": 646.926313055724,
    "cy": 358.9929070648684,
    "k1": -0.005210596452209818,
    "k2": 0.0034248239542398256,
    "p1": -0.0006239508600764379,
    "p2": -2.7600810781149135e-05,
    "camera_model": "OPENCV",
    "frames": [
        {
            "file_path": "images/frame_00020.png",
            "transform_matrix": [
                [
                    0.3204172209223127,
                    0.011294014630278371,
                    0.9472091900789141,
                    3.3836936853479305
                ],
                [
                    0.7863605172018803,
                    -0.5607048872552568,
                    -0.25932058613627407,
                    0.80393177585545
                ],
                [
                    0.5281760516365854,
                    0.8279386901465596,
                    -0.18854066891783913,
                    -3.071596016508269
                ],
                [
                    0.0,
                    0.0,
                    0.0,
                    1.0
                ]
            ],
            "colmap_im_id": 20
        },
        {
            "file_path": "images/frame_00019.png",
            "transform_matrix": [
                [
                    0.7402119916094786,
                    -0.09929403296535323,
                    0.6650014304458336,
                    2.14819652356283
                ],
                [
                    0.6377774888215617,
                    -0.20947889343951787,
                    -0.7411872016945639,
                    -1.3639165457198403
                ],
                [
                    0.21289923022404758,
                    0.9727585970942795,
                    -0.09173128991340698,
                    -3.5632030952290243
                ],
                [
                    0.0,
                    0.0,
                    0.0,
                    1.0
                ]
            ],
            "colmap_im_id": 19
        },
        {
            "file_path": "images/frame_00018.png",
            "transform_matrix": [
                [
                    0.999558292683502,
                    0.0013598163281225645,
                    0.029687883508195737,
                    -1.3595627477007484
                ],
                [
                    0.029714517806429693,
                    -0.06309598008561777,
                    -0.997565007770705,
                    -2.383306581365157
                ],
                [
                    0.0005166809206869418,
                    0.9980065371512298,
                    -0.06310851641606782,
                    -1.6989392236686613
                ],
                [
                    0.0,
                    0.0,
                    0.0,
                    1.0
                ]
            ],
            "colmap_im_id": 18
        },
        {
            "file_path": "images/frame_00017.png",
            "transform_matrix": [
                [
                    0.9986795498534456,
                    -0.05122777404925205,
                    0.0038564064202047223,
                    -2.2974303091354096
                ],
                [
                    0.024869159467314383,
                    0.4164043332051893,
                    -0.9088393456465949,
                    -1.313533213209291
                ],
                [
                    0.0449519923018803,
                    0.9077351741856764,
                    0.41712848372436917,
                    1.069976074918255
                ],
                [
                    0.0,
                    0.0,
                    0.0,
                    1.0
                ]
            ],
            "colmap_im_id": 17
        },
        {
            "file_path": "images/frame_00016.png",
            "transform_matrix": [
                [
                    0.9951206081762161,
                    -0.08446515948643259,
                    0.05099619609274182,
                    -1.6898405040479012
                ],
                [
                    0.09863998389188541,
                    0.8398068379083071,
                    -0.5338488817823437,
                    0.4164483664999741
                ],
                [
                    0.002264676755401883,
                    0.5362742878745743,
                    0.8440407332610265,
                    2.870848656693703
                ],
                [
                    0.0,
                    0.0,
                    0.0,
                    1.0
                ]
            ],
            "colmap_im_id": 16
        },
        {
            "file_path": "images/frame_00015.png",
            "transform_matrix": [
                [
                    0.8684292416775521,
                    -0.19035837308168807,
                    0.45781474637351366,
                    1.5517937072408
                ],
                [
                    0.28085509772858225,
                    0.9498018999874936,
                    -0.13782875193520128,
                    1.7119447216470631
                ],
                [
                    -0.40859645896559144,
                    0.24827412385876962,
                    0.8782988632253484,
                    2.645803520265799
                ],
                [
                    0.0,
                    0.0,
                    0.0,
                    1.0
                ]
            ],
            "colmap_im_id": 15
        },
        {
            "file_path": "images/frame_00014.png",
            "transform_matrix": [
                [
                    0.8768168301895959,
                    0.11230881473031568,
                    0.46752430571056,
                    2.1681519997401884
                ],
                [
                    0.20836656727346287,
                    0.7875435330289804,
                    -0.5799642723710705,
                    -1.271942437392711
                ],
                [
                    -0.43333084351214035,
                    0.6059388696214357,
                    0.6671300220668785,
                    1.7923317626572575
                ],
                [
                    0.0,
                    0.0,
                    0.0,
                    1.0
                ]
            ],
            "colmap_im_id": 14
        },
        {
            "file_path": "images/frame_00001.png",
            "transform_matrix": [
                [
                    0.8835067846540477,
                    0.4055391024730634,
                    0.23442226395035193,
                    -0.8761554542777488
                ],
                [
                    0.2571390494130558,
                    -0.0015897929480997298,
                    -0.966373106944379,
                    -1.7869892175426525
                ],
                [
                    -0.39152939958222327,
                    0.9140763146060206,
                    -0.10568453216558861,
                    -2.8550468641027833
                ],
                [
                    0.0,
                    0.0,
                    0.0,
                    1.0
                ]
            ],
            "colmap_im_id": 1
        },
        {
            "file_path": "images/frame_00002.png",
            "transform_matrix": [
                [
                    0.8762862835274735,
                    0.43438573929958574,
                    0.2084019644695333,
                    -1.4060841346253226
                ],
                [
                    0.1931036753258278,
                    0.079631639381513,
                    -0.9779415997824563,
                    -1.4350890400524787
                ],
                [
                    -0.44139927489435854,
                    0.8971999952644703,
                    -0.014101369443050845,
                    -2.207148375259962
                ],
                [
                    0.0,
                    0.0,
                    0.0,
                    1.0
                ]
            ],
            "colmap_im_id": 2
        },
        {
            "file_path": "images/frame_00003.png",
            "transform_matrix": [
                [
                    0.10538822371522362,
                    -0.19420400865330695,
                    0.9752836127635571,
                    3.8883784750734898
                ],
                [
                    0.7344876826816634,
                    -0.6459610853258417,
                    -0.207995481281638,
                    1.991165853033498
                ],
                [
                    0.6703888172479234,
                    0.738254075009171,
                    0.07456376091160871,
                    -2.7129524933270615
                ],
                [
                    0.0,
                    0.0,
                    0.0,
                    1.0
                ]
            ],
            "colmap_im_id": 3
        },
        {
            "file_path": "images/frame_00004.png",
            "transform_matrix": [
                [
                    -0.8179630417529988,
                    0.07145459753998447,
                    0.5708158221498263,
                    2.514604058130428
                ],
                [
                    -0.17222132616642252,
                    -0.9771630952921369,
                    -0.12446726482320335,
                    3.1798456917293128
                ],
                [
                    0.5488863972988052,
                    -0.2001162804208837,
                    0.8115893032629554,
                    0.8868995287061635
                ],
                [
                    0.0,
                    0.0,
                    0.0,
                    1.0
                ]
            ],
            "colmap_im_id": 4
        },
        {
            "file_path": "images/frame_00005.png",
            "transform_matrix": [
                [
                    -0.8715496175599919,
                    0.265721516228888,
                    0.41205987422224677,
                    0.8735884841470009
                ],
                [
                    -0.3794774869354259,
                    -0.8977470489231432,
                    -0.22371203154716912,
                    2.4693686620789057
                ],
                [
                    0.3104804358413049,
                    -0.3513435810752903,
                    0.8832664303577856,
                    1.9763286011050616
                ],
                [
                    0.0,
                    0.0,
                    0.0,
                    1.0
                ]
            ],
            "colmap_im_id": 5
        },
        {
            "file_path": "images/frame_00006.png",
            "transform_matrix": [
                [
                    -0.7812758771155287,
                    0.6131526293574354,
                    0.11684116119511695,
                    -1.431238238417174
                ],
                [
                    -0.5893454981854518,
                    -0.6629635420920762,
                    -0.4616830358863849,
                    1.4019325073486193
                ],
                [
                    -0.20562073729539387,
                    -0.42956163116459806,
                    0.8793161646559827,
                    1.865836017902118
                ],
                [
                    0.0,
                    0.0,
                    0.0,
                    1.0
                ]
            ],
            "colmap_im_id": 6
        },
        {
            "file_path": "images/frame_00007.png",
            "transform_matrix": [
                [
                    -0.44510479055835195,
                    0.8656939045107565,
                    -0.22903228836766076,
                    -3.0411502397010914
                ],
                [
                    -0.5835192728908887,
                    -0.4744035520289142,
                    -0.6591255783136004,
                    0.6822401640463853
                ],
                [
                    -0.6792547265841398,
                    -0.1597351981100941,
                    0.7163083713721592,
                    0.5759300944760616
                ],
                [
                    0.0,
                    0.0,
                    0.0,
                    1.0
                ]
            ],
            "colmap_im_id": 7
        },
        {
            "file_path": "images/frame_00008.png",
            "transform_matrix": [
                [
                    0.2625221642014021,
                    0.872607237108198,
                    -0.41187221689427933,
                    -3.7034772416891326
                ],
                [
                    -0.3348628393633567,
                    -0.3179280305572341,
                    -0.8870110744514463,
                    -0.18432603182721094
                ],
                [
                    -0.9049580057198907,
                    0.37078076693970347,
                    0.2087405824248908,
                    -1.0248335646018891
                ],
                [
                    0.0,
                    0.0,
                    0.0,
                    1.0
                ]
            ],
            "colmap_im_id": 8
        },
        {
            "file_path": "images/frame_00009.png",
            "transform_matrix": [
                [
                    -0.4780654558864683,
                    0.8762137868854629,
                    -0.06085079752887719,
                    -3.3093884259736717
                ],
                [
                    -0.6474380379136246,
                    -0.39836556805945605,
                    -0.6497144459277653,
                    -0.34240161836870214
                ],
                [
                    -0.5935296175850194,
                    -0.2712089118309057,
                    0.7577389518778066,
                    2.5819288366648494
                ],
                [
                    0.0,
                    0.0,
                    0.0,
                    1.0
                ]
            ],
            "colmap_im_id": 9
        },
        {
            "file_path": "images/frame_00010.png",
            "transform_matrix": [
                [
                    0.5900753294881038,
                    0.8069496196213181,
                    -0.025365664243534692,
                    -2.1624759984520487
                ],
                [
                    -0.2359359798754806,
                    0.14230899606288258,
                    -0.9612920279705701,
                    -2.6179230107821625
                ],
                [
                    -0.7721044741028914,
                    0.5732193829875125,
                    0.2743614769564287,
                    -0.5720854086152032
                ],
                [
                    0.0,
                    0.0,
                    0.0,
                    1.0
                ]
            ],
            "colmap_im_id": 10
        },
        {
            "file_path": "images/frame_00011.png",
            "transform_matrix": [
                [
                    -0.7677796903967151,
                    -0.04316822580223258,
                    0.6392580475014875,
                    2.876543241026513
                ],
                [
                    -0.13567733844563898,
                    -0.964146844617798,
                    -0.22806253933044837,
                    2.445405543962169
                ],
                [
                    0.6261836845899407,
                    -0.26183461630317884,
                    0.7343954158753544,
                    0.7395071724834198
                ],
                [
                    0.0,
                    0.0,
                    0.0,
                    1.0
                ]
            ],
            "colmap_im_id": 11
        },
        {
            "file_path": "images/frame_00012.png",
            "transform_matrix": [
                [
                    -0.29339312268129614,
                    -0.369702550320775,
                    0.8816124431118433,
                    3.8313056184237766
                ],
                [
                    0.3100745267689094,
                    -0.9091415114079058,
                    -0.2780566490555218,
                    1.8645602821716025
                ],
                [
                    0.9043087212961928,
                    0.19178565254278987,
                    0.38137121032713167,
                    -1.6824123349856668
                ],
                [
                    0.0,
                    0.0,
                    0.0,
                    1.0
                ]
            ],
            "colmap_im_id": 12
        },
        {
            "file_path": "images/frame_00013.png",
            "transform_matrix": [
                [
                    0.8866213075470332,
                    0.20390204260847433,
                    0.4151224084817406,
                    1.5919535274822938
                ],
                [
                    0.322786251759622,
                    0.37000673636280257,
                    -0.8711509919188071,
                    -1.4959003375757707
                ],
                [
                    -0.3312275542260383,
                    0.9063768377811955,
                    0.2622390803354782,
                    -1.7579571071562314
                ],
                [
                    0.0,
                    0.0,
                    0.0,
                    1.0
                ]
            ],
            "colmap_im_id": 13
        }
    ],
    "applied_transform": [
        [
            1.0,
            0.0,
            0.0,
            0.0
        ],
        [
            0.0,
            0.0,
            1.0,
            0.0
        ],
        [
            -0.0,
            -1.0,
            -0.0,
            -0.0
        ]
    ],
    "ply_file_path": "sparse_pc.ply"
}